300120040
300435249
300435341
300198715
300387326
300264789
300386485
300438772
300018409
300012925
300263397
300263728
300263735
300263737
300263738
300263998
300263740
300263729
300016595
300375152
300262593
300448122
300449148
300020118
300021925
300019470
300443479
300400853
300198715
300264498
300264320
300417414
300228512
300375367
300375431
300022012
300410257
300107052
300019089
300410258
300410260
300386148
300266481
300018988
300417414
300391253
300244538
300244674
300244539
300182578
300244540
300244687
300244158
300310660
300013583
300264634
300011161
300266080
300012482
300013423
300012939
300379604
300263717
300264336
300255718
300449148
300411617
300016575
300027015
300198715
300386015
300264324
300375152
300189309
300006719
300343487
300006745
300000311
300386051
300391311
300264523
300137801
300444006
300054687
300434911
300254807
300266100
300386945
300310690
300386950
300343714
300263109
300016731
300016736
300102489
300411929
300017437
300389818
300400856
300055303
300438784
300435431
300025929
300054316
300054447
300443479
300417373
300449148
300265422
300400818
300016281
300435249
300263154
300443479
300443481
300263554
300263144
300417767
300020935
300265043
300106984
300018959
300113602
300263588
300020085
300203949
300204022
300449024
300438588
300206687
300448847
300233909
300127280
300258884
300235117
300036879
300400510
300391091
300055475
300404069
300126370
300111210
300042168
300232777
300232779
300006777
300122943
300389935
300024979
300265711
300393250
300265019
300016575
300265862
300262962
300108469
300027808
300018071
300179506
300210746
300192795
300264473
300386028
300017437
300018863
300400847
300017596
300016954
300016773
300017706
300249545
300262973
300386028
300018564
300435341
300380093
300311237
300411917
300017583
300438808
300019487
300244536
300386793
300386794
300400843
300404070
300400847
300400836
300400848
300388693
300435741
300438494
300438480
300017447
300102550
300017458
300265652
300055999
300265171
300265173
300018959
300021637
300417391
300053490
300013626
300311175
300443390
300435259
300107836
300265506
300265512
300017437
300018777
300389818
300389501
300250079
300140253
300011200
300120786
300298733
300266843
300386937
300020944
300198715
300438369
300438439
300438364
300438520
300404766
300017762
300017437
300018863
300017554
300389818
300056460
300438519
300056500
300055970
300021521
300022022
300374835
300018863
300022024
300252610
300123430
300179434
300196838
300417205
300417193
300417202
300264330
300055033
300028710
300016925
300019289
300019508
300056548
300020074
300265683
300264837
300174254
300056500
300143666
300016430
300262764
300260713
300263793
300264475
300265422
300249198
300449021
300443479
300443481
300055479
300386795
300233434
300036935
300111551
300232853
300233909
300228124
300201794
300265774
300235120
300265478
300393209
300258978
300435318
300136452
300236032
300411753
300448974
300150456
300311322
300256825
300198715
300233279
300258488
300005675
300417705
300264337
300262022
300438466
300193270
300165261
300443560
300264839
300438843
300438761
300417392
300417391
300417316
300435025
300400510
300435504
300435431
300438772
300386028
300438515
300017641
300438785
300438778
300021877
300263657
300017706
300111201
300417400
300312337
300262650
300251739
300111207
300111276
300438466
300262593
300375176
300249198
300155665
300021925
300264340
300431758
300129784
300312263
