300379660
300404576
300106913
300018585
300018585
300018585
300012925
300012925
300263729
300375152
300449148
300443479
300443479
300378963
300375341
300012439
300244538
300244538
300244539
300244539
300244540
300244540
300379994
300025924
300025926
300000311
300000311
300025921
300025921
300375533
300266100
300041590
300041590
300041590
300041590
300041590
300041590
300041590
300386950
300386950
300236748
300016731
300016731
300016736
300016736
300102550
300102550
300102489
300102489
300102489
300102489
300411929
300191997
300197770
300250435
300400510
300400510
300391091
300391091
300391091
300400507
300055188
300199725
300199725
300404070
300195349
300233041
300265711
300400507
300400507
300055188
300055188
300435114
300025844
300017650
300379660
300379660
300379660
300379660
300102579
300102550
300265652
300265652
300265652
300375528
300218522
300018103
300073715
300375152
300018125
300121558
300121558
300393224
300393224
300375194
300375194
300374845
300018279
300185762
300055033
300055033
300019021
300174254
300056548
300262937
300262937
300389910
300100810
300055188
300417371
300256475
300256475
300014934
300014934
300136452
300411753
300113288
300113288
300419276
300419276
300419276
300379994
300435679
300435679
300417823
300022218
300411958
300400510
