300264779
300264782
300264769
300120040
300021861
300264761
300120045
300264310
300262832
300016575
300021550
300027015
300016928
300198715
300387448
300411782
300417674
300386795
300262022
300024841
300393209
300393207
300224239
300258978
300379071
300236519
300236032
300108235
300262891
300264436
300263397
300265329
300263940
300114633
300016594
300375367
300410257
300107052
300343857
300120165
300410258
300410260
300386148
300266481
300012262
300391253
300374940
300230291
300249198
300198715
300020204
300386795
300265519
300037086
300264498
300264320
300228512
300018959
300264337
300262022
300263109
300102489
300388363
300017437
300389818
300417373
300400818
300385958
300386378
300386397
300386963
300403938
300404360
300386193
300263499
300262489
300263160
300263069
300263173
300262675
300016414
300263105
300025929
300391091
300185659
300250642
300343487
300055684
300263129
300261803
300343481
300264568
300012010
300011611
300263717
300011162
300404150
300387445
300262587
300227861
300028517
300375370
300232779
300068848
300206232
300006777
300163812
300122943
300389935
300310238
300015676
300019260
300310667
300391483
300393250
300106814
300310320
300055475
300265019
300400510
300016575
300017635
300017650
300017596
300016954
300016773
300017608
300055999
300251739
300385956
300107947
300018863
300198715
300018279
300262949
300386198
300386197
300262632
300386028
300386793
300387870
300107847
300380043
300386794
300404070
300020502
300312336
300388760
300386485
300016282
300264993
300018564
300107847
300017437
300387326
300263793
300411925
300017447
300375156
300055999
300411929
300388363
300265219
300230852
300224239
300226631
300265048
300210025
300210737
300265171
300265173
300018959
300265512
300004376
300264479
300264389
300404720
300018436
300386479
300387497
300386437
300140253
300011200
300021170
300386125
300233431
300386886
300298733
300386937
300020944
300198715
300052763
300263267
300054588
300264541
300387384
300054570
300137801
300054687
300254807
300386824
300386686
300174254
300264910
300019289
300010630
300056548
300264080
300020074
300264837
300106828
300174254
300056500
300143666
300016430
300262764
300042254
300264475
300265422
300264217
300055303
300055304
300017437
300249198
300386795
300258488
300055309
300021551
300019537
300411927
300233279
300198715
300393224
300404865
300018407
300386176
300049957
300264813
300019487
300049946
300120077
300056460
300111159
300056500
300400510
300400504
300018409
300194572
300022022
300386075
300194573
300018410
300259515
300262022
300113534
300310533
300011561
300266176
300266418
300310633
300020155
300264810
300375570
300310568
300042168
300404069
300411970
300126370
300111210
300310524
300310579
300310633
300400554
300375682
300310410
300264810
300021874
300375570
300393256
